desc: I1 cache:         32768 B, 64 B, 8-way associative
desc: D1 cache:         32768 B, 64 B, 8-way associative
desc: LL cache:         3145728 B, 64 B, 12-way associative
cmd: ./fm
events: Ir Bc Bcm Bi Bim
fl=/home/niklas/Documents/Algimp/project/fast/fast.c
fn=fm
55 1639018 0 0 0 0
105 6224735 0 0 0 0
119 14864438 0 0 0 0
120 1600546 0 0 0 0
130 707724 0 0 0 0
132 58977 0 0 0 0
135 294885 0 0 0 0
136 294885 0 0 0 0
137 1786364 275890 35171 0 0
139 2382925 866093 4887 0 0
142 1947540 0 0 0 0
143 1298360 0 0 0 0
145 650739 0 0 0 0
146 650739 0 0 0 0
152 399048 0 0 0 0
153 2776670 1055795 43502 0 0
155 3167385 922779 125278 0 0
157 995792 0 0 0 0
159 424883 424883 65 0 0
161 829292 0 0 0 0
165 40948 0 0 0 0
169 1330160 0 0 0 0
170 532064 0 0 0 0
171 931112 0 0 0 0
172 532064 0 0 0 0
173 1064128 0 0 0 0
174 931112 0 0 0 0
175 2128256 0 0 0 0
176 2111590 922779 66251 0 0
178 922779 0 0 0 0
180 2768337 922779 145002 0 0
183 2450526 819509 18827 0 0
185 2909468 0 0 0 0
192 2987376 0 0 0 0
194 497896 0 0 0 0
196 424883 424883 6 0 0
199 2178590 724351 22128 0 0
201 3546078 0 0 0 0
204 5194791 0 0 0 0
206 404409 0 0 0 0
211 327584 20474 0 0 0
215 753830 0 0 0 0
216 20474 0 0 0 0
220 266032 0 0 0 0
221 266032 0 0 0 0
224 266032 133016 3006 0 0
227 713245 310397 11787 0 0
240 3178796 176491 8244 0 0
253 30756 15378 56 0 0
255 21853 0 0 0 0
256 12950 0 0 0 0
257 12950 0 0 0 0
258 12950 0 0 0 0
259 12950 0 0 0 0
260 12950 0 0 0 0
262 12950 0 0 0 0
294 235276 0 0 0 0
295 352914 117638 43616 0 0
297 96101 0 0 0 0
298 105004 0 0 0 0
299 105004 0 0 0 0
300 105004 0 0 0 0
301 105004 0 0 0 0
302 105004 0 0 0 0
304 52502 0 0 0 0
307 666351 0 0 0 0
308 296156 0 0 0 0
309 951598 0 0 0 0
310 1514440 266054 30554 0 0
312 5403099 877407 86281 0 0
315 1830308 915154 29006 0 0
318 915154 0 0 0 0
321 4797744 0 0 0 0
328 148078 0 0 0 0
329 148078 0 0 0 0
330 148078 0 0 0 0
331 148078 0 0 0 0
333 693019 94513 16 0 0
339 163792 0 0 0 0
343 222117 0 0 0 0
344 296156 0 0 0 0
359 74039 0 0 0 0
363 471816 0 0 0 0
fl=/home/niklas/Documents/Algimp/project/fast/main.c
fn=cd
43 8 0 0 0 0
44 12 4 0 0 0
46 8 0 0 0 0
fn=main
68 10 0 0 0 0
69 40 0 0 0 0
70 30 0 0 0 0
71 70 0 0 0 0
72 20 10 0 0 0
75 30 0 0 0 0
76 20 10 0 0 0
77 20 0 0 0 0
78 40 0 0 0 0
79 20 10 0 0 0
84 10 0 0 0 0
86 40 0 0 0 0
87 20 10 0 0 0
89 40 0 0 0 0
90 20 10 0 0 0
95 60 0 0 0 0
96 20 10 0 0 0
100 110 0 0 0 0
101 40 0 0 0 0
106 340 75 12 0 0
107 1040 260 67 0 0
108 975 0 0 0 0
109 390 195 0 0 0
111 390 0 0 0 0
115 50 0 0 0 0
116 20 10 0 0 0
119 245 75 12 0 0
120 325 0 0 0 0
121 130 0 0 0 0
124 20 0 0 0 0
125 20 0 0 0 0
127 60 0 0 0 0
128 20 10 0 0 0
129 30 0 0 0 0
130 20 0 0 0 0
131 10 0 0 0 0
132 176031 58677 20 0 0
133 410669 58667 20476 0 0
135 58667 0 0 0 0
138 20 10 7 0 0
150 50 10 2 0 0
157 40 0 0 0 0
158 20 10 0 0 0
161 20 0 0 0 0
163 60 0 0 0 0
164 20 10 0 0 0
167 40 20 0 0 0
168 100 20 0 0 0
169 20 10 7 0 0
174 20 0 0 0 0
217 2 0 0 0 0
219 2 1 0 0 0
222 30 10 3 0 0
224 50 10 0 0 0
226 1 0 0 0 0
229 2 0 0 0 0
239 2 1 0 0 0
244 4 0 0 0 0
246 3 1 0 0 0
256 20 10 3 0 0
257 60 0 0 0 0
258 2 0 0 0 0
300 13 0 0 0 0
307 2 0 0 0 0
310 3 0 0 0 0
312 2 1 0 0 0
315 3 1 0 0 0
347 2 1 1 0 0
350 3 1 1 0 0
353 2 0 0 0 0
354 1 0 0 0 0
355 1 0 0 0 0
357 2 0 0 0 0
359 3 1 0 0 0
362 1 0 0 0 0
363 1 0 0 0 0
364 2 0 0 0 0
365 2 1 0 0 0
368 6 2 2 0 0
372 20 10 5 0 0
373 20 0 0 0 0
374 3 0 0 0 0
376 4 0 0 0 0
377 3 1 0 0 0
379 2 0 0 0 0
380 2 0 0 0 0
384 12 1 0 0 0
fn=search
44 4 1 0 0 0
68 300 0 0 0 0
70 900 0 0 0 0
71 1800 0 0 0 0
72 900 300 0 0 0
75 900 0 0 0 0
76 600 300 0 0 0
77 600 0 0 0 0
78 1200 0 0 0 0
79 600 300 0 0 0
84 300 0 0 0 0
86 1200 0 0 0 0
87 600 300 0 0 0
89 1200 0 0 0 0
90 600 300 0 0 0
95 1800 0 0 0 0
96 600 300 0 0 0
100 3600 0 0 0 0
101 1500 0 0 0 0
106 8316 1929 429 0 0
107 21457 4957 1390 0 0
108 16640 0 0 0 0
109 6656 3328 0 0 0
111 6656 0 0 0 0
115 1500 0 0 0 0
116 600 300 2 0 0
119 6087 1929 331 0 0
120 8145 0 0 0 0
121 4887 0 0 0 0
124 600 0 0 0 0
125 600 0 0 0 0
127 2100 0 0 0 0
150 1500 300 0 0 0
157 1200 0 0 0 0
158 600 300 0 0 0
161 600 0 0 0 0
163 2300 1740 346 0 0
164 600 300 0 0 0
174 600 0 0 0 0
178 11 0 0 0 0
183 3 0 0 0 0
185 3 1 0 0 0
188 9025 1805 1 0 0
190 3608 1804 0 0 0
192 9922 3608 933 0 0
194 1804 902 372 0 0
196 600 0 0 0 0
198 6008 1502 268 0 0
208 2 0 0 0 0
209 11 1 0 0 0
fn=timeout
33 20 0 0 0 0
fl=/home/niklas/Documents/Algimp/project/fast/malloc.c
fn=__check_calloc
48 1342518 671259 34575 0 0
51 2 0 0 0 0
53 1 0 0 0 0
62 2128256 1064128 130997 0 0
67 2013777 0 0 0 0
69 1342518 671259 1 0 0
70 671259 0 0 0 0
71 2685036 0 0 0 0
73 132266912 66133456 671263 0 0
74 198400368 0 0 0 0
81 6384768 0 0 0 0
85 1064128 0 0 0 0
90 392869 0 0 0 0
94 671259 0 0 0 0
95 6384768 0 0 0 0
fn=__check_free
99 2128256 1064128 57050 0 0
100 671259 0 0 0 0
101 1064128 0 0 0 0
fn=check_memory_leaks
10 1 0 0 0 0
14 4 0 0 0 0
16 2 1 0 0 0
18 2 0 0 0 0
23 3 1 0 0 0
42 2 0 0 0 0
fl=/usr/include/x86_64-linux-gnu/bits/stdio2.h
fn=check_memory_leaks
97 6 0 0 0 0
fn=main
64 207 0 0 0 0
97 5 0 0 0 0
104 125 0 0 0 0
263 40 0 0 0 0
fn=search
64 3300 0 0 0 0
263 1200 0 0 0 0
fl=/usr/include/x86_64-linux-gnu/bits/string3.h
fn=__check_calloc
84 2685036 0 0 0 0
fn=main
84 80 0 0 0 0
120 40 0 0 0 0
fn=search
84 2400 0 0 0 0
120 1500 0 0 0 0
fl=/usr/include/x86_64-linux-gnu/bits/unistd.h
fn=main
210 6 0 0 0 0
fn=search
210 5412 0 0 0 0
fl=???
fn=(below main)
0 414 112 24 14 14
fn=???
0 3444 7 2 3360 6
fn=_Exit
0 8 0 0 0 0
fn=_IO_cleanup
0 145 31 15 1 1
fn=_IO_default_finish
0 13062 2799 6 0 0
fn=_IO_default_setbuf
0 38 4 1 1 1
fn=_IO_default_uflow
0 15476 1469 230 1469 621
fn=_IO_default_xsputn
0 104175 15713 1514 65 1
fn=_IO_do_write
0 946 116 20 19 1
fn=_IO_doallocbuf
0 16812 2802 12 934 1
fn=_IO_file_close
0 1866 0 0 0 0
fn=_IO_file_close_it
0 44802 3734 12 933 1
fn=_IO_file_doallocate
0 39239 4671 2 934 1
fn=_IO_file_finish
0 7464 933 2 0 0
fn=_IO_file_fopen
0 64379 10265 108 0 0
fn=_IO_file_init
0 12129 0 0 0 0
fn=_IO_file_overflow
0 4426 1041 35 0 0
fn=_IO_file_read
0 4636 1159 0 0 0
fn=_IO_file_setbuf
0 15 1 0 0 0
fn=_IO_file_stat
0 3736 0 0 0 0
fn=_IO_file_sync
0 13 2 2 0 0
fn=_IO_file_underflow
0 52649 7885 466 1159 932
fn=_IO_file_write
0 684 95 7 0 0
fn=_IO_file_xsputn
0 10737 2044 221 17 1
fn=_IO_getline
0 620 0 0 0 0
fn=_IO_getline_info
0 25437 3781 14 0 0
fn=_IO_link_in
0 88635 16794 945 0 0
fn=_IO_no_init
0 56223 3128 67 0 0
fn=_IO_padn
0 1276 132 6 44 1
fn=_IO_setb
0 64587 3431 12 0 0
fn=_IO_sputbackc
0 176862 25266 5595 0 0
fn=_IO_str_init_static_internal
0 22085 1262 38 0 0
fn=_IO_str_underflow
0 4030 930 4 0 0
fn=_IO_switch_to_get_mode
0 23180 3477 4 0 0
fn=_IO_un_link
0 97646 20213 512 0 0
fn=_IO_unsave_markers
0 8397 1866 8 0 0
fn=_IO_vfscanf
0 2666163 540348 19823 12934 2792
fn=__GI_strchr
0 7240 622 5 0 0
fn=____strtol_l_internal
0 692918 161737 8022 0 0
fn=____strtoul_l_internal
0 131982 28602 1100 0 0
fn=__close_nocancel
0 4670 934 0 0 0
fn=__ctype_b_loc
0 4506 0 0 0 0
fn=__ctype_init
0 18 0 0 0 0
fn=__cxa_atexit
0 44 2 0 0 0
fn=__default_morecore
0 787936 0 0 0 0
fn=__deregister_frame_info
0 1 0 0 0 0
fn=__deregister_frame_info_bases
0 32 7 3 0 0
fn=__errno_location
0 930 0 0 0 0
fn=__exp1
0 87 3 1 0 0
fn=__fprintf_chk
0 134 22 6 0 0
fn=__get_cpu_features
0 10 2 0 0 0
fn=__getdents
0 25324 1810 13 0 0
fn=__ieee754_pow_sse2
0 176 12 2 0 0
fn=__init_cpu_features
0 93 22 7 0 0
fn=__init_misc
0 22 2 0 0 0
fn=__isoc99_fscanf
0 315738 52623 409 0 0
fn=__isoc99_sscanf
0 5270 310 4 0 0
fn=__isoc99_vsscanf
0 9610 0 0 0 0
fn=__libc_csu_fini
0 15 3 2 2 2
fn=__libc_csu_init
0 42 4 2 2 2
fn=__libc_init_first
0 26 2 2 0 0
fn=__libc_init_secure
0 4 1 0 0 0
fn=__libc_setup_tls
0 120 12 5 0 0
fn=__libc_sigaction
0 1144 44 2 0 0
fn=__linkin_atfork
0 9 2 1 0 0
fn=__memmove_ssse3_back
0 25918 5412 2 1804 1400
fn=__mpn_extract_double
0 252 12 2 0 0
fn=__mpn_lshift
0 180 36 4 0 0
fn=__mpn_mul
0 418 44 2 0 0
fn=__mpn_mul_1
0 1176 157 5 0 0
fn=__mpn_rshift
0 391 92 12 0 0
fn=__new_exitfn
0 82 15 7 0 0
fn=__open_nocancel
0 4665 933 0 0 0
fn=__openat_nocancel
0 8 1 0 0 0
fn=__overflow
0 330 55 4 55 1
fn=__pow_finite
0 9 0 0 0 0
fn=__printf_chk
0 1096 176 26 0 0
fn=__printf_fp
0 8740 1629 229 0 0
fn=__pthread_initialize_minimal
0 3 0 0 0 0
fn=__read_nocancel
0 5795 1159 0 0 0
fn=__register_frame_info
0 3 0 0 0 0
fn=__register_frame_info_bases
0 21 3 1 0 0
fn=__run_exit_handlers
0 77 13 6 3 3
fn=__sigjmp_save
0 9 1 1 0 0
fn=__sigsetjmp
0 18 0 0 0 0
fn=__snprintf_chk
0 4494 321 30 0 0
fn=__strncpy_sse2_unaligned
0 19862 3236 596 620 52
fn=__strstr_sse2_unaligned
0 42918 4665 3 0 0
fn=__strtol_internal
0 15651 0 0 0 0
fn=__strtoul_internal
0 3750 0 0 0 0
fn=__syscall_error
0 4 0 0 0 0
fn=__uflow
0 38194 10283 339 1469 1
fn=__vsnprintf_chk
0 16371 1284 10 0 0
fn=__write_nocancel
0 95 19 0 0 0
fn=_dl_aux_init
0 221 38 9 17 14
fn=_dl_discover_osversion
0 68 13 7 0 0
fn=_dl_get_origin
0 55 11 5 0 0
fn=_dl_important_hwcaps
0 94 9 7 0 0
fn=_dl_init_paths
0 305 29 12 0 0
fn=_dl_non_dynamic_init
0 131 17 11 0 0
fn=_fxstat
0 9340 1868 0 0 0
fn=_int_free
0 53931397 11825704 557178 0 0
fn=_int_malloc
0 65633746 9311830 625679 2 2
fn=_itoa_word
0 18998 1694 148 0 0
fn=_setjmp
0 2 0 0 0 0
fn=access
0 1604 321 1 0 0
fn=alarm
0 50 10 0 0 0
fn=atexit
0 6 1 0 0 0
fn=bcmp
0 8 3 2 0 0
fn=brk
0 60 10 0 0 0
fn=chdir
0 25 5 0 0 0
fn=closedir
0 8 1 0 0 0
fn=exit
0 4 0 0 0 0
fn=expand_dynamic_string_token
0 33 2 0 0 0
fn=fclose
0 69042 13995 19 933 1
fn=fgets
0 20460 3720 18 0 0
fn=fillin_rpath
0 157 26 12 0 0
fn=fini
0 4 1 1 0 0
fn=fopen
0 32655 2799 5 0 0
fn=free
0 9410716 2688776 163 0 0
fn=getcwd
0 68628 10836 10 0 0
fn=getenv
0 3003 939 53 0 0
fn=hack_digit.13290
0 1166 154 35 0 0
fn=handle_intel
0 92 8 2 0 0
fn=index
0 7 2 1 0 0
fn=init_cacheinfo
0 144 24 10 0 0
fn=intel_check_word
0 813 226 44 0 0
fn=isinf
0 156 0 0 0 0
fn=isnan
0 84 0 0 0 0
fn=malloc
0 26888012 6722001 60553 1 1
fn=malloc_consolidate
0 6954892 1651099 133679 0 0
fn=malloc_hook_ini
0 10 1 1 0 0
fn=memchr
0 10711 2397 225 0 0
fn=memcpy
0 1163640 249184 416 0 0
fn=memmove
0 13 2 0 0 0
fn=mempcpy
0 3137 916 205 0 0
fn=memset
0 16010703 2346775 607593 0 0
fn=mmap
0 5604 934 0 0 0
fn=munmap
0 4665 933 0 0 0
fn=open
0 1866 933 0 0 0
fn=opendir
0 25 3 0 0 0
fn=pow
0 20 3 2 0 0
fn=ptmalloc_init.part.7
0 481 153 14 0 0
fn=rand
0 264533824 0 0 0 0
fn=random
0 1124268752 264533824 17 0 0
fn=random_r
0 1717336519 264533824 2133338 0 0
fn=rawmemchr
0 5420 650 126 0 0
fn=read
0 2318 1159 0 0 0
fn=read_int
0 1532 190 16 0 0
fn=readdir
0 70415 10833 369 0 0
fn=rindex
0 24 3 0 0 0
fn=rint
0 6 1 1 0 0
fn=sbrk
0 1674418 295491 11 0 0
fn=sigaction
0 44 11 0 0 0
fn=stpcpy
0 6 2 2 0 0
fn=strcasecmp_l
0 8 3 3 0 0
fn=strchrnul
0 47775 2069 361 0 0
fn=strcmp
0 9 3 2 0 0
fn=strcpy
0 6 2 2 0 0
fn=strlen
0 34528 3924 329 0 0
fn=strncasecmp_l
0 8 3 3 0 0
fn=strncmp
0 749 142 16 2 2
fn=strncpy
0 6 2 2 0 0
fn=strpbrk
0 111 50 14 0 0
fn=strsep
0 35 5 2 0 0
fn=strstr
0 10 1 0 0 0
fn=strtol
0 1240 0 0 0 0
fn=systrim.isra.1
0 1707166 164150 8 98490 3
fn=sysv_signal
0 440 198 34 0 0
fn=uname
0 5 1 0 0 0
fn=vfprintf
0 160635 27402 629 3135 152
fn=write
0 38 19 0 0 0
summary: 3761966096 645399381 5754236 128419 6010
