desc: I1 cache:         32768 B, 64 B, 8-way associative
desc: D1 cache:         32768 B, 64 B, 8-way associative
desc: LL cache:         3145728 B, 64 B, 12-way associative
cmd: ./fm
events: Ir I1mr ILmr Dr D1mr DLmr Dw D1mw DLmw 
fl=/home/niklas/Documents/Algimp/project/fast/fast.c
fn=fm
55 880956 0 0 440478 0 0 0 0 0
105 3331559 12 2 488448 0 0 0 0 0
119 7945296 1 1 3055754 0 0 855544 0 0
120 855544 0 0 0 0 0 0 0 0
130 394164 10 1 0 0 0 229929 0 0
132 32847 0 0 0 0 0 32847 2 0
135 164235 310 1 0 0 0 65694 0 0
136 164235 0 0 0 0 0 65694 0 0
137 985655 620 2 73832 0 0 65694 0 0
139 1292770 0 0 0 0 0 0 0 0
142 1055595 0 0 351865 0 0 351865 0 0
143 703730 0 0 0 0 0 351865 0 0
145 353424 0 0 117808 0 0 117808 0 0
146 353424 310 1 0 0 0 117808 0 0
152 221496 0 0 0 0 0 73832 0 0
153 1506752 0 0 73832 0 0 73832 0 0
155 1706388 211 1 568796 0 0 0 0 0
157 533904 0 0 0 0 0 0 0 0
159 228012 0 0 0 0 0 0 0 0
161 445290 0 0 0 0 0 0 0 0
165 21468 0 0 10734 0 0 0 0 0
169 738320 29 1 73832 0 0 295328 0 0
170 295328 0 0 0 0 0 147664 0 0
171 516824 0 0 73832 0 0 147664 0 0
172 295328 280 1 0 0 0 147664 0 0
173 590656 0 0 73832 0 0 221496 0 0
174 516824 11 1 221496 0 0 147664 0 0
175 1181312 11 1 147664 0 0 221496 0 0
176 1137592 0 0 568796 0 0 0 0 0
178 494964 0 0 0 0 0 0 0 0
180 1484892 0 0 494964 0 0 0 0 0
183 1322176 7 1 110305 0 0 0 0 0
185 1576544 6 0 220610 0 0 347052 0 0
192 1601712 1 1 266952 0 0 533904 0 0
194 266952 0 0 0 0 0 0 0 0
196 228012 0 0 0 0 0 0 0 0
199 1168653 11 1 129701 0 0 0 0 0
201 1900093 0 0 302198 0 0 344994 0 0
204 2788560 1 1 434556 0 0 434556 0 0
206 217278 0 0 0 0 0 0 0 0
211 171744 3 1 75138 0 0 53670 0 0
215 399166 3 1 32202 0 0 21468 0 0
216 10734 0 0 0 0 0 0 0 0
220 147664 11 1 73832 0 0 73832 0 0
221 147664 0 0 73832 0 0 73832 0 0
224 147664 0 0 73832 0 0 0 0 0
227 381285 1 1 16908 1 0 0 0 0
240 1704512 14 3 16908 1 1 0 0 0
253 16908 1 0 0 0 0 0 0 0
255 12171 0 0 8454 0 0 3717 0 0
256 7434 0 0 3717 0 0 3717 0 0
257 7434 0 0 3717 0 0 3717 0 0
258 7434 0 0 3717 0 0 3717 0 0
259 7434 4 1 3717 0 0 3717 0 0
260 7434 0 0 3717 0 0 3717 0 0
262 7434 0 0 0 0 0 0 0 0
294 130756 0 0 130756 0 0 0 0 0
295 196134 0 0 65378 0 0 65378 0 0
297 53523 3 0 24393 0 0 29130 0 0
298 58260 0 0 29130 0 0 29130 0 0
299 58260 0 0 29130 0 0 29130 0 0
300 58260 0 0 29130 0 0 29130 0 0
301 58260 115 0 29130 0 0 29130 0 0
302 58260 0 0 29130 0 0 29130 0 0
304 29130 0 0 0 0 0 0 0 0
307 368865 123 1 40985 0 0 81970 0 0
308 163940 77 1 0 0 0 81970 0 0
309 535780 11 1 90762 0 0 192255 0 0
310 828456 5 1 518473 0 0 30254 0 0
312 2921989 3 2 1513117 0 0 312735 0 0
315 978244 0 0 0 0 0 0 0 0
318 489122 0 0 0 0 0 489122 0 0
321 2564954 1 1 366422 0 0 366422 0 0
328 81970 1 0 40985 0 0 40985 0 0
329 81970 0 0 40985 0 0 40985 0 0
330 81970 0 0 40985 0 0 40985 0 0
331 81970 0 0 40985 0 0 40985 0 0
333 369837 12 2 94655 0 0 10734 0 0
339 85872 0 0 32202 0 0 21468 0 0
343 122955 1 1 40985 0 0 40985 0 0
344 163940 0 0 122955 0 0 40985 0 0
359 40985 0 0 0 0 0 0 0 0
363 262776 138 1 229929 0 0 0 0 0
fl=/home/niklas/Documents/Algimp/project/fast/main.c
fn=cd
43 8 2 1 0 0 0 4 0 0
44 12 0 0 0 0 0 4 0 0
46 8 0 0 8 0 0 0 0 0
fn=main
68 10 10 1 0 0 0 10 1 1
69 40 1 1 10 0 0 0 0 0
70 30 0 0 0 0 0 20 0 0
71 70 0 0 0 0 0 20 0 0
72 20 10 1 10 0 0 0 0 0
75 30 0 0 0 0 0 10 0 0
76 20 0 0 0 0 0 0 0 0
77 20 0 0 0 0 0 10 0 0
78 40 0 0 0 0 0 10 0 0
79 20 10 1 0 0 0 0 0 0
84 10 0 0 0 0 0 10 0 0
86 40 0 0 0 0 0 10 0 0
87 20 0 0 0 0 0 0 0 0
89 40 10 1 0 0 0 20 0 0
90 20 0 0 0 0 0 0 0 0
95 60 0 0 0 0 0 10 0 0
96 20 10 1 0 0 0 0 0 0
100 110 5 1 20 0 0 10 0 0
101 40 0 0 0 0 0 0 0 0
106 340 0 0 75 0 0 10 0 0
107 1040 20 2 195 0 0 0 0 0
108 975 0 0 0 0 0 195 0 0
109 390 0 0 0 0 0 0 0 0
111 390 0 0 195 0 0 195 0 0
115 50 0 0 10 0 0 10 0 0
116 20 10 1 0 0 0 0 0 0
119 245 10 1 85 0 0 0 0 0
120 325 0 0 0 0 0 65 0 0
121 130 0 0 65 0 0 65 0 0
124 20 0 0 0 0 0 10 0 0
125 20 0 0 10 0 0 10 0 0
127 60 0 0 30 0 0 10 0 0
128 20 10 1 10 0 0 0 0 0
129 30 0 0 0 0 0 10 0 0
130 20 0 0 10 0 0 10 0 0
131 10 0 0 0 0 0 10 0 0
132 97641 0 0 32547 0 0 0 0 0
133 227759 0 0 65074 0 0 32537 0 0
135 32537 0 0 0 0 0 0 0 0
138 20 1 1 10 1 0 0 0 0
150 50 1 1 0 0 0 10 0 0
157 40 10 1 0 0 0 10 0 0
158 20 10 1 0 0 0 0 0 0
161 20 0 0 0 0 0 10 0 0
163 60 0 0 0 0 0 10 0 0
164 20 10 1 0 0 0 0 0 0
167 40 0 0 20 0 0 0 0 0
168 100 8 1 20 1 0 10 0 0
169 20 0 0 10 0 0 0 0 0
174 20 10 0 10 0 0 0 0 0
217 2 0 0 0 0 0 1 0 0
219 2 0 0 0 0 0 0 0 0
222 30 10 1 20 0 0 0 0 0
224 50 0 0 0 0 0 10 0 0
226 1 0 0 0 0 0 1 0 0
229 2 0 0 0 0 0 1 0 0
239 2 1 1 1 0 0 0 0 0
244 4 0 0 0 0 0 1 0 0
246 3 1 1 0 0 0 0 0 0
256 20 0 0 0 0 0 0 0 0
257 60 0 0 0 0 0 10 0 0
258 2 0 0 0 0 0 1 0 0
300 13 2 2 1 0 0 7 0 0
307 2 0 0 1 0 0 1 0 0
310 3 0 0 0 0 0 1 1 1
312 2 0 0 0 0 0 0 0 0
315 3 2 2 0 0 0 0 0 0
347 2 0 0 1 1 1 0 0 0
350 3 1 1 1 0 0 0 0 0
353 2 0 0 0 0 0 1 0 0
354 1 0 0 0 0 0 1 0 0
355 1 0 0 0 0 0 1 0 0
357 2 1 1 0 0 0 1 0 0
359 3 0 0 1 1 0 0 0 0
362 1 0 0 0 0 0 1 0 0
363 1 0 0 0 0 0 0 0 0
364 2 1 1 1 0 0 1 1 1
365 2 0 0 1 0 0 0 0 0
368 6 1 1 2 1 1 0 0 0
372 20 0 0 0 0 0 0 0 0
373 20 1 1 10 0 0 0 0 0
374 3 0 0 1 0 0 1 0 0
376 4 1 1 0 0 0 1 0 0
377 3 0 0 1 0 0 0 0 0
379 2 0 0 1 0 0 0 0 0
380 2 0 0 0 0 0 1 0 0
384 12 0 0 9 2 0 0 0 0
fn=search
44 4 1 1 0 0 0 1 0 0
68 300 0 0 0 0 0 300 2 1
70 900 0 0 0 0 0 600 0 0
71 1800 1 1 0 0 0 600 0 0
72 900 0 0 300 0 0 0 0 0
75 900 0 0 300 0 0 300 0 0
76 600 0 0 0 0 0 0 0 0
77 600 0 0 0 0 0 300 0 0
78 1200 1 1 0 0 0 300 0 0
79 600 0 0 0 0 0 0 0 0
84 300 1 1 0 0 0 300 0 0
86 1200 0 0 0 0 0 300 0 0
87 600 0 0 0 0 0 0 0 0
89 1200 0 0 0 0 0 600 0 0
90 600 0 0 0 0 0 0 0 0
95 1800 1 1 0 0 0 300 0 0
96 600 0 0 0 0 0 0 0 0
100 3600 300 1 600 0 0 600 0 0
101 1500 0 0 0 0 0 300 0 0
106 8316 0 0 1629 0 0 0 0 0
107 21457 0 0 4957 0 0 0 0 0
108 16640 300 1 0 0 0 3328 0 0
109 6656 0 0 0 0 0 0 0 0
111 6656 0 0 3328 0 0 3328 0 0
115 1500 300 1 300 0 0 300 0 0
116 600 0 0 0 0 0 0 0 0
119 6087 0 0 1929 0 0 0 0 0
120 8145 238 1 1629 0 0 1629 0 0
121 4887 0 0 3258 0 0 1629 0 0
124 600 0 0 0 0 0 300 0 0
125 600 1 1 300 0 0 300 0 0
127 2100 0 0 1500 0 0 300 0 0
150 1500 0 0 0 0 0 300 0 0
157 1200 1 1 0 0 0 300 0 0
158 600 0 0 0 0 0 0 0 0
161 600 0 0 0 0 0 300 0 0
163 2300 0 0 1880 2 1 0 0 0
164 600 0 0 0 0 0 0 0 0
174 600 1 1 300 2 0 0 0 0
178 11 2 2 1 0 0 7 0 0
183 3 0 0 0 0 0 1 1 1
185 3 0 0 0 0 0 0 0 0
188 9025 0 0 0 0 0 1805 0 0
190 3608 0 0 0 0 0 0 0 0
192 9922 1 1 2707 0 0 0 0 0
194 1804 0 0 0 0 0 0 0 0
196 600 1 1 0 0 0 300 0 0
198 6008 0 0 3004 4 3 1502 0 0
208 2 0 0 0 0 0 1 0 0
209 11 0 0 9 2 0 0 0 0
fn=timeout
33 20 1 1 10 2 2 10 0 0
fl=/home/niklas/Documents/Algimp/project/fast/malloc.c
fn=__check_calloc
48 745162 0 0 372581 1 1 0 0 0
51 2 1 1 0 0 0 1 0 0
53 1 0 0 0 0 0 1 0 0
62 1181312 0 0 0 0 0 0 0 0
67 1117743 309 0 0 0 0 372581 0 0
69 745162 0 0 0 0 0 0 0 0
70 372581 1 1 372581 0 0 0 0 0
71 1490324 0 0 372581 0 0 0 0 0
73 71035904 0 0 0 0 0 0 0 0
74 106553856 0 0 0 0 0 71035904 258 90
81 3543936 310 1 0 0 0 2362624 0 0
85 590656 0 0 0 0 0 0 0 0
90 218075 0 0 0 0 0 0 0 0
94 372581 0 0 0 0 0 0 0 0
95 3543936 616 1 2953280 0 0 0 0 0
fn=__check_free
99 1181312 3 0 0 0 0 0 0 0
100 372581 0 0 372581 0 0 0 0 0
101 590656 0 0 218075 0 0 0 0 0
fn=check_memory_leaks
10 1 1 0 0 0 0 1 0 0
14 4 0 0 0 0 0 1 0 0
16 2 1 1 0 0 0 0 0 0
18 2 0 0 0 0 0 1 0 0
23 3 0 0 2 0 0 0 0 0
42 2 0 0 2 0 0 0 0 0
fl=/usr/include/x86_64-linux-gnu/bits/stdio2.h
fn=check_memory_leaks
97 6 0 0 1 0 0 1 0 0
fn=main
64 207 20 2 30 0 0 41 0 0
97 5 0 0 0 0 0 1 0 0
104 125 4 3 32 0 0 17 0 0
263 40 0 0 0 0 0 10 0 0
fn=search
64 3300 1 1 600 0 0 600 0 0
263 1200 0 0 0 0 0 300 0 0
fl=/usr/include/x86_64-linux-gnu/bits/string3.h
fn=__check_calloc
84 1490324 0 0 0 0 0 372581 0 0
fn=main
84 80 0 0 0 0 0 30 0 0
120 40 0 0 0 0 0 10 0 0
fn=search
84 2400 300 1 300 0 0 900 0 0
120 1500 0 0 300 0 0 300 0 0
fl=/usr/include/x86_64-linux-gnu/bits/unistd.h
fn=main
210 6 0 0 0 0 0 2 0 0
fn=search
210 5412 1 1 0 0 0 1804 0 0
fl=???
fn=(below main)
0 414 11 10 132 17 17 51 7 7
fn=???
0 3444 12 9 3372 4 2 11 1 1
fn=_Exit
0 8 1 1 0 0 0 0 0 0
fn=_IO_cleanup
0 145 10 10 45 6 6 22 0 0
fn=_IO_default_finish
0 13062 183 2 3732 0 0 933 0 0
fn=_IO_default_setbuf
0 38 4 4 8 0 0 14 0 0
fn=_IO_default_uflow
0 15476 10 1 7738 0 0 3869 0 0
fn=_IO_default_xsputn
0 104175 869 5 17496 0 0 14036 2 1
fn=_IO_do_write
0 946 58 5 278 0 0 217 0 0
fn=_IO_doallocbuf
0 16812 23 2 7472 3 1 3736 1 1
fn=_IO_file_close
0 1866 10 1 933 0 0 0 0 0
fn=_IO_file_close_it
0 44802 20 6 9336 0 0 14930 0 0
fn=_IO_file_doallocate
0 39239 4 4 8408 7 5 5604 5 5
fn=_IO_file_finish
0 7464 2 2 1866 0 0 933 0 0
fn=_IO_file_fopen
0 64379 44 7 11196 4 2 10263 0 0
fn=_IO_file_init
0 12129 1 1 3732 0 0 4665 0 0
fn=_IO_file_overflow
0 4426 34 7 1198 0 0 684 3 2
fn=_IO_file_read
0 4636 1 1 2318 0 0 0 0 0
fn=_IO_file_setbuf
0 15 1 0 3 0 0 8 0 0
fn=_IO_file_stat
0 3736 1 1 934 0 0 0 0 0
fn=_IO_file_sync
0 13 3 3 6 0 0 2 0 0
fn=_IO_file_underflow
0 52649 963 6 18563 5 2 12749 1 1
fn=_IO_file_write
0 684 24 2 152 0 0 95 1 0
fn=_IO_file_xsputn
0 10737 45 7 2184 1 1 1205 4 3
fn=_IO_getline
0 620 310 1 0 0 0 0 0 0
fn=_IO_getline_info
0 25437 568 5 5331 0 0 4567 0 0
fn=_IO_link_in
0 88635 28 9 29856 4 0 16794 3 1
fn=_IO_no_init
0 56223 16 6 3128 0 0 43711 38 15
fn=_IO_padn
0 1276 31 4 308 0 0 220 0 0
fn=_IO_setb
0 64587 1 1 16222 0 0 15289 1 1
fn=_IO_sputbackc
0 176862 19 2 75798 0 0 25266 0 0
fn=_IO_str_init_static_internal
0 22085 12 3 3155 0 0 7882 2 1
fn=_IO_str_underflow
0 4030 930 3 1550 0 0 0 0 0
fn=_IO_switch_to_get_mode
0 23180 2 2 8113 0 0 6954 0 0
fn=_IO_un_link
0 97646 55 9 34831 0 0 14928 0 0
fn=_IO_unsave_markers
0 8397 332 3 3732 0 0 933 0 0
fn=_IO_vfscanf
0 2666163 4889 71 629930 34 16 387497 40 20
fn=__GI_strchr
0 7240 19 4 942 66 0 0 0 0
fn=____strtol_l_internal
0 692918 702 12 97683 10 0 60797 2 1
fn=____strtoul_l_internal
0 131982 39 8 20392 2 2 13750 8 4
fn=__close_nocancel
0 4670 11 1 934 0 0 0 0 0
fn=__ctype_b_loc
0 4506 243 1 3004 1 0 0 0 0
fn=__ctype_init
0 18 2 2 8 2 2 3 0 0
fn=__cxa_atexit
0 44 3 2 10 0 0 16 1 1
fn=__default_morecore
0 397600 0 0 49700 0 0 49700 0 0
fn=__deregister_frame_info
0 1 1 1 0 0 0 0 0 0
fn=__deregister_frame_info_bases
0 32 4 4 9 3 0 4 0 0
fn=__errno_location
0 930 10 1 620 0 0 0 0 0
fn=__exp1
0 87 8 8 18 4 4 4 0 0
fn=__fprintf_chk
0 134 6 6 38 0 0 36 0 0
fn=__get_cpu_features
0 10 0 0 4 0 0 0 0 0
fn=__getdents
0 25324 9 3 5430 657 340 5427 0 0
fn=__ieee754_pow_sse2
0 176 15 15 35 7 7 18 0 0
fn=__init_cpu_features
0 93 10 10 7 1 1 13 0 0
fn=__init_misc
0 22 2 2 5 0 0 5 2 2
fn=__isoc99_fscanf
0 315738 1243 6 105246 0 0 70164 0 0
fn=__isoc99_sscanf
0 5270 30 3 310 0 0 2790 4 0
fn=__isoc99_vsscanf
0 9610 18 2 1550 0 0 2480 4 2
fn=__libc_csu_fini
0 15 1 1 3 1 0 3 0 0
fn=__libc_csu_init
0 42 2 2 8 1 1 8 0 0
fn=__libc_init_first
0 26 2 2 5 1 1 10 1 1
fn=__libc_init_secure
0 4 1 1 2 0 0 0 0 0
fn=__libc_setup_tls
0 120 9 9 22 6 6 30 7 7
fn=__libc_sigaction
0 1144 65 8 418 2 2 418 5 5
fn=__linkin_atfork
0 9 2 2 4 1 1 1 0 0
fn=__memmove_ssse3_back
0 25918 16 13 6645 4 2 3037 0 0
fn=__mpn_extract_double
0 252 21 3 24 0 0 60 0 0
fn=__mpn_lshift
0 180 11 2 24 0 0 12 0 0
fn=__mpn_mul
0 418 31 4 121 1 1 110 2 2
fn=__mpn_mul_1
0 1176 44 5 158 0 0 113 1 1
fn=__mpn_rshift
0 391 19 3 69 0 0 46 0 0
fn=__new_exitfn
0 82 5 5 22 5 3 9 0 0
fn=__open_nocancel
0 4665 0 0 933 0 0 0 0 0
fn=__openat_nocancel
0 8 1 1 1 0 0 0 0 0
fn=__overflow
0 330 1 1 165 0 0 0 0 0
fn=__pow_finite
0 9 1 1 2 0 0 1 0 0
fn=__printf_chk
0 1096 63 6 384 8 5 296 3 0
fn=__printf_fp
0 8650 607 78 1858 6 6 1190 2 1
fn=__pthread_initialize_minimal
0 3 1 1 0 0 0 0 0 0
fn=__read_nocancel
0 5795 0 0 1159 0 0 0 0 0
fn=__register_frame_info
0 3 1 1 0 0 0 0 0 0
fn=__register_frame_info_bases
0 21 2 2 5 2 2 9 1 1
fn=__run_exit_handlers
0 77 5 4 14 3 1 11 0 0
fn=__sigjmp_save
0 9 0 0 2 0 0 2 0 0
fn=__sigsetjmp
0 18 3 3 4 0 0 8 1 1
fn=__snprintf_chk
0 4494 623 2 321 0 0 1926 0 0
fn=__strncpy_sse2_unaligned
0 19862 681 13 2060 4 2 2790 5 3
fn=__strstr_sse2_unaligned
0 42918 44 5 7464 7 3 0 0 0
fn=__strtol_internal
0 15651 0 0 5217 0 0 0 0 0
fn=__strtoul_internal
0 3750 1 1 1250 0 0 0 0 0
fn=__syscall_error
0 4 1 1 1 0 0 1 0 0
fn=__uflow
0 38194 4 4 13221 2 1 1469 0 0
fn=__vsnprintf_chk
0 16371 336 3 3210 0 0 4173 4 2
fn=__write_nocancel
0 95 10 1 19 0 0 0 0 0
fn=_dl_aux_init
0 221 9 9 66 13 13 20 2 2
fn=_dl_discover_osversion
0 68 3 3 9 1 1 3 1 1
fn=_dl_get_origin
0 55 5 5 8 2 2 6 0 0
fn=_dl_important_hwcaps
0 94 13 13 18 1 1 25 2 2
fn=_dl_init_paths
0 305 13 13 49 2 2 58 6 6
fn=_dl_non_dynamic_init
0 131 12 12 24 1 1 25 2 2
fn=_fxstat
0 9340 321 1 934 0 0 0 0 0
fn=_int_free
0 29858500 421 23 7812733 2 0 3474687 0 0
fn=_int_malloc
0 35680478 1264 51 6242134 63 4 4931007 63 31
fn=_itoa_word
0 18962 3 3 1691 3 1 1026 1 0
fn=_setjmp
0 2 1 1 0 0 0 0 0 0
fn=access
0 1604 11 1 320 0 0 0 0 0
fn=alarm
0 50 10 1 10 0 0 0 0 0
fn=atexit
0 6 1 1 1 1 0 0 0 0
fn=bcmp
0 8 2 2 4 0 0 0 0 0
fn=brk
0 60 4 2 5 0 0 5 0 0
fn=chdir
0 25 2 0 5 0 0 0 0 0
fn=closedir
0 8 1 1 2 0 0 2 0 0
fn=exit
0 4 1 0 0 0 0 1 0 0
fn=expand_dynamic_string_token
0 33 3 3 6 0 0 9 0 0
fn=fclose
0 69042 45 7 25191 2 0 9330 0 0
fn=fgets
0 20460 238 5 6200 0 0 2790 0 0
fn=fillin_rpath
0 157 16 16 33 0 0 36 1 1
fn=fini
0 4 2 1 2 1 1 0 0 0
fn=fopen
0 32655 14 4 4665 0 0 8397 10 4
fn=free
0 5229224 13 2 747032 2 0 0 0 0
fn=getcwd
0 68628 904 4 19866 3 3 12642 2 1
fn=getenv
0 3003 4 4 982 0 0 62 0 0
fn=hack_digit.13290
0 1166 12 3 352 0 0 176 0 0
fn=handle_intel
0 92 4 4 14 0 0 20 0 0
fn=index
0 7 2 2 3 1 1 1 0 0
fn=init_cacheinfo
0 144 7 7 9 0 0 13 1 1
fn=intel_check_word
0 813 12 12 66 6 6 8 0 0
fn=isinf
0 156 10 1 12 0 0 0 0 0
fn=isnan
0 84 8 1 12 0 0 0 0 0
fn=malloc
0 14940892 35 5 3735225 6 2 1120568 2 2
fn=malloc_consolidate
0 3577621 67 12 1177742 0 0 406961 33 33
fn=malloc_hook_ini
0 10 1 1 2 1 1 3 0 0
fn=memchr
0 10711 259 8 1233 0 0 0 0 0
fn=memcpy
0 618200 45 6 131659 1 1 109878 6 4
fn=memmove
0 13 1 1 4 0 0 0 0 0
fn=mempcpy
0 3161 17 5 404 1 1 253 1 0
fn=memset
0 8733902 15 4 373205 0 0 2853943 0 0
fn=mmap
0 5604 3 2 934 0 0 0 0 0
fn=munmap
0 4665 0 0 933 0 0 0 0 0
fn=open
0 1866 322 1 933 0 0 0 0 0
fn=opendir
0 25 2 2 3 1 1 10 0 0
fn=pow
0 20 3 3 3 0 0 3 0 0
fn=ptmalloc_init.part.7
0 481 5 5 157 34 34 13 3 3
fn=rand
0 142071808 0 0 35517952 0 0 35517952 0 0
fn=random
0 603805184 620 2 213107712 2 1 35517952 0 0
fn=random_r
0 922321012 14 2 284143616 4 3 142071808 0 0
fn=rawmemchr
0 5420 399 4 650 1 0 0 0 0
fn=read
0 2318 1 1 1159 0 0 0 0 0
fn=read_int
0 1532 20 2 378 0 0 102 0 0
fn=readdir
0 70415 4 4 27078 868 0 10834 1 0
fn=rindex
0 24 2 2 2 0 0 0 0 0
fn=rint
0 6 1 1 2 0 0 1 0 0
fn=sbrk
0 844954 4 3 248505 3 1 99407 1 1
fn=sigaction
0 44 11 1 0 0 0 0 0 0
fn=stpcpy
0 6 2 2 3 0 0 0 0 0
fn=strcasecmp_l
0 8 2 2 4 0 0 0 0 0
fn=strchrnul
0 47775 77 9 4879 12 10 0 0 0
fn=strcmp
0 9 2 2 4 0 0 0 0 0
fn=strcpy
0 6 2 2 3 0 0 0 0 0
fn=strlen
0 34528 28 7 4557 314 170 0 0 0
fn=strncasecmp_l
0 8 2 2 4 0 0 0 0 0
fn=strncmp
0 749 23 6 149 1 1 0 0 0
fn=strncpy
0 6 2 2 3 0 0 0 0 0
fn=strpbrk
0 111 3 3 34 0 0 34 0 0
fn=strsep
0 35 3 3 10 1 1 6 0 0
fn=strstr
0 10 2 2 3 0 0 0 0 0
fn=strtol
0 1240 236 1 310 2 0 0 0 0
fn=systrim.isra.1
0 861438 7 4 281624 1 0 182227 0 0
fn=sysv_signal
0 440 31 2 22 0 0 209 3 3
fn=uname
0 5 1 1 1 0 0 0 0 0
fn=vfprintf
0 160635 4606 74 45253 26 14 34259 33 19
fn=write
0 38 10 1 19 0 0 0 0 0
summary: 2025822200 30054 1013 571972588 2297 732 309097306 602 304
